202726
202774
202819
202918
202954
204395
204478
205058
205059
205081
205082
205111
205112
205327
205448
206042
206430
206957
207306
207478
207650
207755
208171
208415
208416
208775
208879
208925
209069
209756
209805
210329
210648
211035
211820
212526
212527
212529
212838
212845
212851
213012
213056
213146
213240
213321
213323
213328
213329
213330
213331
213487
213514
213515
213542
213713
214105
214348
214596
214799
214800
214802
214841
215106
215202
215424
215605
215655
215891
215892
216230
216240
216457
216466
216641
216876
217338
217396
217399
217657
217663
217785
218281
218304
218727
219213
219214
219221
219301
219302
219315
219352
219380
219389
219390
219463
219491
219526
219564
219633
219640
219688
219704
219739
219945
219989
220004
220005
220013
220046
220047
220095
220107
220116
220324
220329
220357
220370
220380
220395
220535
220662
220726
220783
220785
220875
220966
220989
220990
221007
221116
221125
221278
221391
221428
221484
221493
221503
221513
221611
221873
222020
222169
222268
222467
222492
222528
222621
222656
222687
222701
222878
222905
222963
223069
223070
223072
223073
223130
223277
223279
223348
223378
223382
223386
223595
223918
224162
224163
224167
224264
224366
224379
224389
224391
224404
224406
224561
224665
224672
224709
224849
224895
224899
225102
225173
225215
225378
225394
225434
225438
225439
225446
225483
225521
225680
225705
225710
225772
225786
225902
225906
225922
225935
225946
226027
226044
226105
226113
226122
226136
226199
226266
226292
226294
226295
226335
226392
226484
226682
227176
227256
227303
227361
227401
227455
227638
227752
227754
227767
227798
227807
227939
227942
228080
228086
228095
228104
228209
228214
228215
228398
228464
228472
228473
228474
228477
228478
228480
228527
228726
228813
228892
228893
229163
229296
229302
229315
229352
229357
229359
229502
229505
229526
230053
230088
230459
230582
230593
230595
230602
230606
230653
230683
230717
230718
230772
230788
230826
230886
230890
230918
231061
231278
231296
231345
231356
231357
231363
231606
231613
231700
231754
231756
231852
231963
231992
232055
232130
232388
232489
232537
232569
232840
232841
232986
233006
233038
233240
233243
233262
233338
233466
233485
233487
233538
233810
233858
233863
234326
234331
234339
234378
234562
234849
234853
234871
234937
235009
235115
235188
235453
235533
235593
235713
235719
235909
235913
235965
236021
236051
236058
236262
236268
236331
236346
236483
236591
236781
236980
236985
237026
237032
237056
237084
237130
237402
237413
237479
237481
237621
237657
237756
238009
238231
238488
238546
238598
238669
238676
238794
238932
238935
238939
238964
238995
239062
239163
239184
239212
239336
239342
239360
239577
239585
239605
239820
239828
239834
239867
239929
239963
240083
240430
240459
240466
240530
240531
240836
241022
241587
241632
241752
242027
242039
242043
242172
242236
242245
242256
242620
242624
242721
242819
242828
242829
242911
242946
243019
243025
243349
243779
244082
244084
244162
244199
244756
244896
245009
245095
245114
245313
245422
245564
245650
245861
245987
246499
246523
246525
246564
246565
246577
246581
246609
246673
246682
246764
246783
246853
246868
246898
246913
247031
247194
247361
247392
247394
247395
247444
247668
247897
247922
247986
247987
248136
248153
248359
248360
248361
248473
248474
248828
248880
249306
249413
249649
250402
250653
250936
250957
251293
251524
251606
251763
251912
251951
251957
252023
252137
252332
252397
252439
252480
252597
252654
252679
252682
252732
252734
252753
253131
253213
253249
253302
253377
253531
253823
254166
254171
254339
254480
254566
254956
254957
255027
255032
255155
255280
255289
255290
255293
255338
255363
255450
255595
255604
255666
255720
255733
255851
255852
255853
256062
256208
256210
256341
256411
256518
256519
256617
256625
256876
256921
257095
257223
257476
257489
257499
257522
257576
257714
257721
258011
258162
258541
258810
259002
259185
259188
259191
259325
259581
259583
259611
259613
259624
259740
259794
259832
259834
260003
260162
260363
260390
260708
260801
260936
261407
261524
261550
261602
261627
261630
261781
261865
262282
262285
262400
262698
262719
262902
262943
263032
263045
263056
263086
263161
263211
263218
263251
263373
263426
263465
263471
263475
263534
264182
264313
265117
265125
265277
265434
265441
265620
265630
265740
265949
266053
266062
266534
266764
266800
266802
266817
266830
266877
266944
267137
267534
267548
268179
268297
268471
268472
268473
268539
268680
268724
268734
268737
268740
268757
268779
268907
268918
268922
269023
269025
269171
269217
269264
269369
269643
269697
269698
269945
270016
270259
270402
270517
270557
270655
270753
270871
270872
270875
270941
270959
270960
270972
271312
271499
271552
271570
271640
271643
271680
271761
271816
271932
271989
272104
272138
272566
272725
272738
272755
272803
272833
272954
273022
273170
273260
273261
273262
273355
273362
273366
273534
274092
274103
274107
274108
274122
274125
274127
274180
274289
274408
274424
274428
274462
274491
274547
274593
274909
275007
275087
275189
275372
275437
275548
275562
275774
275785
276278
276350
276411
276660
276735
276881
276889
277164
277285
277664
277674
277786
277794
277833
277922
277927
277930
278291
278387
278396
279062
279168
279437
279983
280001
280169
280190
280707
280747
280997
281331
281622
281699
281704
281894
282064
282065
282399
282450
282591
282654
282989
283028
283048
283473
283475
283476
283555
283831
283840
283841
284163
284342
284624
284727
284728
285247
285310
285433
285963
286125
286365
287180
287249
287263
287291
287322
287583
287624
287934
288057
288085
288086
288638
288639
288657
288877
288936
289074
289393
289464
289647
289763
289818
290006
290091
290218
290301
290355
290478
290498
290697
290729
290730
290776
290988
291456
291530
291786
291865
291873
291915
291985
292050
292066
292311
292540
292754
292774
292916
292952
292955
292956
292957
292958
293291
293294
293822
294509
294510
294515
294533
294564
294566
294575
294641
294810
294849
294887
294890
294891
294894
294895
294907
294936
294983
295107
295108
295150
295154
295155
295480
295483
295606
295900
295961
295972
295979
296010
296013
296037
296057
296099
296106
296288
296717
296850
296866
296913
296927
297209
297238
297250
297427
297453
297543
297549
297552
297621
297875
297964
