202591
203275
203427
203507
204055
204058
204106
204107
205954
206031
206044
206186
208901
210320
210852
211037
211972
212101
214902
216210
216241
216293
216325
216480
219042
219085
219121
220338
220339
220774
220818
221062
221118
221373
221580
222178
222518
222696
223763
227166
227277
227456
228569
229557
231998
232568
234102
234845
234901
235711
237617
237891
244872
246663
247673
250396
250397
252253
253193
255899
257554
258536
258538
258809
259582
262558
262767
263071
264891
266034
266052
267360
267773
269322
269323
270298
270604
270631
272662
274104
274178
275508
275509
275510
277275
278037
278718
278926
280492
285767
286498
287442
289352
289391
289410
289454
289984
289985
292832
294860
296191
297706
297812
298107
